% This file was created by matlab2tikz.
%
%The latest updates can be retrieved from
%  http://www.mathworks.com/matlabcentral/fileexchange/22022-matlab2tikz-matlab2tikz
%where you can also make suggestions and rate matlab2tikz.
%
\begin{tikzpicture}

\begin{axis}[%
width=4.521in,
height=3.566in,
at={(0.758in,0.481in)},
scale only axis,
xmin=1,
xmax=32,
xlabel style={font=\bfseries},
xlabel={nx},
ymin=1,
ymax=32,
ylabel style={font=\bfseries},
ylabel={ny},
axis background/.style={fill=white},
title style={font=\bfseries},
title={Convergence in 5639 iterations for SD method},
axis x line*=bottom,
axis y line*=left
]

\addplot[%
surf,
shader=interp,colormap/jet,mesh/rows=32]
table[row sep=crcr, point meta=\thisrow{c}] {%
%
x	y	c\\
1	1	0\\
1	2	0\\
1	3	0\\
1	4	0\\
1	5	0\\
1	6	0\\
1	7	0\\
1	8	0\\
1	9	0\\
1	10	0\\
1	11	0\\
1	12	0\\
1	13	0\\
1	14	0\\
1	15	0\\
1	16	0\\
1	17	0\\
1	18	0\\
1	19	0\\
1	20	0\\
1	21	0\\
1	22	0\\
1	23	0\\
1	24	0\\
1	25	0\\
1	26	0\\
1	27	0\\
1	28	0\\
1	29	0\\
1	30	0\\
1	31	0\\
1	32	0\\
2	1	0\\
2	2	0.00213542309641435\\
2	3	0.00374944378747155\\
2	4	0.00504699705196381\\
2	5	0.00612422651478422\\
2	6	0.00703356227532087\\
2	7	0.00780712013618455\\
2	8	0.0084662872131102\\
2	9	0.00902615524351988\\
2	10	0.0094977948427554\\
2	11	0.00988952353647433\\
2	12	0.010207659630885\\
2	13	0.0104569920244439\\
2	14	0.0106410821539757\\
2	15	0.0107624604270439\\
2	16	0.0108227520433848\\
2	17	0.0108227520433848\\
2	18	0.0107624604270439\\
2	19	0.0106410821539756\\
2	20	0.0104569920244439\\
2	21	0.010207659630885\\
2	22	0.00988952353647436\\
2	23	0.00949779484275537\\
2	24	0.00902615524351991\\
2	25	0.00846628721311017\\
2	26	0.00780712013618457\\
2	27	0.00703356227532085\\
2	28	0.00612422651478424\\
2	29	0.0050469970519638\\
2	30	0.00374944378747156\\
2	31	0.00213542309641434\\
2	32	0\\
3	1	0\\
3	2	0.00374944378747156\\
3	3	0.0067708706687428\\
3	4	0.00926848336132063\\
3	5	0.0113693912412022\\
3	6	0.0131550007205797\\
3	7	0.0146799243756245\\
3	8	0.0159824808741795\\
3	9	0.0170905637306558\\
3	10	0.0180250346234491\\
3	11	0.0188017660785667\\
3	12	0.0194329183220071\\
3	13	0.0199277622213183\\
3	14	0.0202932205118093\\
3	15	0.0205342255540754\\
3	16	0.0206539510079563\\
3	17	0.0206539510079564\\
3	18	0.0205342255540753\\
3	19	0.0202932205118094\\
3	20	0.0199277622213183\\
3	21	0.0194329183220072\\
3	22	0.0188017660785667\\
3	23	0.0180250346234491\\
3	24	0.0170905637306558\\
3	25	0.0159824808741796\\
3	26	0.0146799243756245\\
3	27	0.0131550007205797\\
3	28	0.0113693912412022\\
3	29	0.00926848336132065\\
3	30	0.00677087066874279\\
3	31	0.00374944378747156\\
3	32	0\\
4	1	0\\
4	2	0.00504699705196381\\
4	3	0.00926848336132063\\
4	4	0.0128364471333621\\
4	5	0.015877440849663\\
4	6	0.0184828533973301\\
4	7	0.0207192373694984\\
4	8	0.0226359343574797\\
4	9	0.0242702173097468\\
4	10	0.0256506745758215\\
4	11	0.0267994403130038\\
4	12	0.0277336810718042\\
4	13	0.0284665988155444\\
4	14	0.0290081126168155\\
4	15	0.0293653199827551\\
4	16	0.0295428005554332\\
4	17	0.0295428005554331\\
4	18	0.0293653199827553\\
4	19	0.0290081126168154\\
4	20	0.0284665988155445\\
4	21	0.0277336810718041\\
4	22	0.0267994403130039\\
4	23	0.0256506745758214\\
4	24	0.0242702173097469\\
4	25	0.0226359343574796\\
4	26	0.0207192373694985\\
4	27	0.0184828533973301\\
4	28	0.0158774408496631\\
4	29	0.0128364471333621\\
4	30	0.00926848336132065\\
4	31	0.0050469970519638\\
4	32	0\\
5	1	0\\
5	2	0.00612422651478423\\
5	3	0.0113693912412022\\
5	4	0.015877440849663\\
5	5	0.0197639671097448\\
5	6	0.0231199189852742\\
5	7	0.0260160945407237\\
5	8	0.0285076645878805\\
5	9	0.0306378586798075\\
5	10	0.0324407316818772\\
5	11	0.0339431697648318\\
5	12	0.0351663249208738\\
5	13	0.036126634774909\\
5	14	0.0368365430899142\\
5	15	0.0373050014336435\\
5	16	0.0375378062213162\\
5	17	0.0375378062213163\\
5	18	0.0373050014336433\\
5	19	0.0368365430899143\\
5	20	0.0361266347749089\\
5	21	0.035166324920874\\
5	22	0.0339431697648317\\
5	23	0.0324407316818773\\
5	24	0.0306378586798074\\
5	25	0.0285076645878805\\
5	26	0.0260160945407236\\
5	27	0.0231199189852743\\
5	28	0.0197639671097448\\
5	29	0.0158774408496631\\
5	30	0.0113693912412022\\
5	31	0.00612422651478424\\
5	32	0\\
6	1	0\\
6	2	0.00703356227532087\\
6	3	0.0131550007205797\\
6	4	0.0184828533973301\\
6	5	0.0231199189852742\\
6	6	0.0271521199786418\\
6	7	0.0306499025953295\\
6	8	0.0336705234638468\\
6	9	0.036260357186885\\
6	10	0.0384568837157047\\
6	11	0.0402902787411115\\
6	12	0.0417846378753636\\
6	13	0.0429588967948698\\
6	14	0.043827509337526\\
6	15	0.0444009347741643\\
6	16	0.0446859727558079\\
6	17	0.0446859727558078\\
6	18	0.0444009347741645\\
6	19	0.0438275093375258\\
6	20	0.0429588967948699\\
6	21	0.0417846378753634\\
6	22	0.0402902787411117\\
6	23	0.0384568837157046\\
6	24	0.0362603571868851\\
6	25	0.0336705234638467\\
6	26	0.0306499025953296\\
6	27	0.0271521199786417\\
6	28	0.0231199189852743\\
6	29	0.0184828533973301\\
6	30	0.0131550007205797\\
6	31	0.00703356227532085\\
6	32	0\\
7	1	0\\
7	2	0.00780712013618455\\
7	3	0.0146799243756245\\
7	4	0.0207192373694984\\
7	5	0.0260160945407237\\
7	6	0.0306499025953295\\
7	7	0.0346883959125755\\
7	8	0.0381885497938627\\
7	9	0.041197848260516\\
7	10	0.0437555669577155\\
7	11	0.0458939155141235\\
7	12	0.0476389879458736\\
7	13	0.0490115201794082\\
7	14	0.0500274738156744\\
7	15	0.0506984699975956\\
7	16	0.051032095094258\\
7	17	0.0510320950942582\\
7	18	0.0506984699975954\\
7	19	0.0500274738156746\\
7	20	0.049011520179408\\
7	21	0.0476389879458738\\
7	22	0.0458939155141233\\
7	23	0.0437555669577156\\
7	24	0.0411978482605159\\
7	25	0.0381885497938629\\
7	26	0.0346883959125753\\
7	27	0.0306499025953296\\
7	28	0.0260160945407236\\
7	29	0.0207192373694985\\
7	30	0.0146799243756245\\
7	31	0.00780712013618457\\
7	32	0\\
8	1	0\\
8	2	0.0084662872131102\\
8	3	0.0159824808741795\\
8	4	0.0226359343574797\\
8	5	0.0285076645878805\\
8	6	0.0336705234638468\\
8	7	0.0381885497938627\\
8	8	0.042117110466928\\
8	9	0.0455034666080125\\
8	10	0.0483875063270352\\
8	11	0.0508024892697392\\
8	12	0.0527757231803178\\
8	13	0.0543291388935985\\
8	14	0.0554797552967482\\
8	15	0.0562400376278284\\
8	16	0.0566181566864018\\
8	17	0.0566181566864015\\
8	18	0.0562400376278286\\
8	19	0.055479755296748\\
8	20	0.0543291388935987\\
8	21	0.0527757231803176\\
8	22	0.0508024892697394\\
8	23	0.0483875063270351\\
8	24	0.0455034666080127\\
8	25	0.0421171104669278\\
8	26	0.0381885497938629\\
8	27	0.0336705234638467\\
8	28	0.0285076645878805\\
8	29	0.0226359343574796\\
8	30	0.0159824808741796\\
8	31	0.00846628721311017\\
8	32	0\\
9	1	0\\
9	2	0.00902615524351988\\
9	3	0.0170905637306558\\
9	4	0.0242702173097468\\
9	5	0.0306378586798075\\
9	6	0.036260357186885\\
9	7	0.041197848260516\\
9	8	0.0455034666080125\\
9	9	0.049223468529905\\
9	10	0.0523975685430931\\
9	11	0.0550593651383666\\
9	12	0.0572367763798223\\
9	13	0.0589524402281259\\
9	14	0.0602240568485422\\
9	15	0.0610646633925595\\
9	16	0.0614828387349481\\
9	17	0.0614828387349483\\
9	18	0.0610646633925592\\
9	19	0.0602240568485425\\
9	20	0.0589524402281256\\
9	21	0.0572367763798226\\
9	22	0.0550593651383664\\
9	23	0.0523975685430933\\
9	24	0.0492234685299048\\
9	25	0.0455034666080127\\
9	26	0.0411978482605159\\
9	27	0.0362603571868851\\
9	28	0.0306378586798074\\
9	29	0.0242702173097469\\
9	30	0.0170905637306558\\
9	31	0.00902615524351991\\
9	32	0\\
10	1	0\\
10	2	0.0094977948427554\\
10	3	0.0180250346234491\\
10	4	0.0256506745758215\\
10	5	0.0324407316818772\\
10	6	0.0384568837157047\\
10	7	0.0437555669577155\\
10	8	0.0483875063270352\\
10	9	0.0523975685430931\\
10	10	0.0558248274460131\\
10	11	0.0587027498101994\\
10	12	0.0610594346453427\\
10	13	0.0629178611732374\\
10	14	0.0642961176371447\\
10	15	0.0652075947986773\\
10	16	0.0656611354196049\\
10	17	0.0656611354196046\\
10	18	0.0652075947986776\\
10	19	0.0642961176371444\\
10	20	0.0629178611732377\\
10	21	0.0610594346453424\\
10	22	0.0587027498101997\\
10	23	0.0558248274460129\\
10	24	0.0523975685430933\\
10	25	0.0483875063270351\\
10	26	0.0437555669577156\\
10	27	0.0384568837157046\\
10	28	0.0324407316818773\\
10	29	0.0256506745758214\\
10	30	0.0180250346234491\\
10	31	0.00949779484275537\\
10	32	0\\
11	1	0\\
11	2	0.00988952353647433\\
11	3	0.0188017660785667\\
11	4	0.0267994403130038\\
11	5	0.0339431697648318\\
11	6	0.0402902787411115\\
11	7	0.0458939155141235\\
11	8	0.0508024892697392\\
11	9	0.0550593651383666\\
11	10	0.0587027498101994\\
11	11	0.0617657042173102\\
11	12	0.0642762310988136\\
11	13	0.0662573982164976\\
11	14	0.0677274695724119\\
11	15	0.0687000261223027\\
11	16	0.0691840641555542\\
11	17	0.0691840641555546\\
11	18	0.0687000261223024\\
11	19	0.0677274695724123\\
11	20	0.0662573982164973\\
11	21	0.0642762310988139\\
11	22	0.0617657042173099\\
11	23	0.0587027498101997\\
11	24	0.0550593651383664\\
11	25	0.0508024892697394\\
11	26	0.0458939155141233\\
11	27	0.0402902787411117\\
11	28	0.0339431697648317\\
11	29	0.0267994403130039\\
11	30	0.0188017660785667\\
11	31	0.00988952353647436\\
11	32	0\\
12	1	0\\
12	2	0.010207659630885\\
12	3	0.0194329183220071\\
12	4	0.0277336810718042\\
12	5	0.0351663249208738\\
12	6	0.0417846378753636\\
12	7	0.0476389879458736\\
12	8	0.0527757231803178\\
12	9	0.0572367763798223\\
12	10	0.0610594346453427\\
12	11	0.0642762310988136\\
12	12	0.0669149198539846\\
12	13	0.0689985019911253\\
12	14	0.0705452775524435\\
12	15	0.0715689051757595\\
12	16	0.0720784564563332\\
12	17	0.0720784564563328\\
12	18	0.0715689051757599\\
12	19	0.0705452775524432\\
12	20	0.0689985019911256\\
12	21	0.0669149198539842\\
12	22	0.0642762310988139\\
12	23	0.0610594346453425\\
12	24	0.0572367763798226\\
12	25	0.0527757231803176\\
12	26	0.0476389879458738\\
12	27	0.0417846378753634\\
12	28	0.035166324920874\\
12	29	0.0277336810718041\\
12	30	0.0194329183220072\\
12	31	0.010207659630885\\
12	32	0\\
13	1	0\\
13	2	0.0104569920244439\\
13	3	0.0199277622213183\\
13	4	0.0284665988155444\\
13	5	0.036126634774909\\
13	6	0.0429588967948698\\
13	7	0.0490115201794082\\
13	8	0.0543291388935985\\
13	9	0.0589524402281259\\
13	10	0.0629178611732374\\
13	11	0.0662573982164976\\
13	12	0.0689985019911253\\
13	13	0.0711640309659368\\
13	14	0.0727722425469054\\
13	15	0.0738368044791666\\
13	16	0.0743668137146305\\
13	17	0.0743668137146308\\
13	18	0.0738368044791663\\
13	19	0.0727722425469058\\
13	20	0.0711640309659365\\
13	21	0.0689985019911256\\
13	22	0.0662573982164973\\
13	23	0.0629178611732377\\
13	24	0.0589524402281256\\
13	25	0.0543291388935987\\
13	26	0.049011520179408\\
13	27	0.0429588967948699\\
13	28	0.0361266347749089\\
13	29	0.0284665988155445\\
13	30	0.0199277622213183\\
13	31	0.0104569920244439\\
13	32	0\\
14	1	0\\
14	2	0.0106410821539757\\
14	3	0.0202932205118093\\
14	4	0.0290081126168155\\
14	5	0.0368365430899142\\
14	6	0.043827509337526\\
14	7	0.0500274738156744\\
14	8	0.0554797552967482\\
14	9	0.0602240568485422\\
14	10	0.0642961176371447\\
14	11	0.0677274695724119\\
14	12	0.0705452775524435\\
14	13	0.0727722425469054\\
14	14	0.0744265489252003\\
14	15	0.075521840449736\\
14	16	0.0760672126603039\\
14	17	0.0760672126603035\\
14	18	0.0755218404497364\\
14	19	0.0744265489252\\
14	20	0.0727722425469058\\
14	21	0.0705452775524432\\
14	22	0.0677274695724122\\
14	23	0.0642961176371444\\
14	24	0.0602240568485425\\
14	25	0.055479755296748\\
14	26	0.0500274738156746\\
14	27	0.0438275093375258\\
14	28	0.0368365430899143\\
14	29	0.0290081126168154\\
14	30	0.0202932205118094\\
14	31	0.0106410821539756\\
14	32	0\\
15	1	0\\
15	2	0.0107624604270439\\
15	3	0.0205342255540754\\
15	4	0.0293653199827551\\
15	5	0.0373050014336435\\
15	6	0.0444009347741643\\
15	7	0.0506984699975956\\
15	8	0.0562400376278284\\
15	9	0.0610646633925595\\
15	10	0.0652075947986773\\
15	11	0.0687000261223027\\
15	12	0.0715689051757595\\
15	13	0.0738368044791666\\
15	14	0.075521840449736\\
15	15	0.0766376262853168\\
15	16	0.0771932468626846\\
15	17	0.077193246862685\\
15	18	0.0766376262853164\\
15	19	0.0755218404497364\\
15	20	0.0738368044791663\\
15	21	0.0715689051757599\\
15	22	0.0687000261223024\\
15	23	0.0652075947986776\\
15	24	0.0610646633925592\\
15	25	0.0562400376278286\\
15	26	0.0506984699975954\\
15	27	0.0444009347741645\\
15	28	0.0373050014336433\\
15	29	0.0293653199827553\\
15	30	0.0205342255540753\\
15	31	0.0107624604270439\\
15	32	0\\
16	1	0\\
16	2	0.0108227520433848\\
16	3	0.0206539510079563\\
16	4	0.0295428005554332\\
16	5	0.0375378062213162\\
16	6	0.0446859727558079\\
16	7	0.051032095094258\\
16	8	0.0566181566864018\\
16	9	0.0614828387349481\\
16	10	0.0656611354196049\\
16	11	0.0691840641555543\\
16	12	0.0720784564563332\\
16	13	0.0743668137146305\\
16	14	0.0760672126603039\\
16	15	0.0771932468626846\\
16	16	0.0777539929568346\\
16	17	0.0777539929568342\\
16	18	0.077193246862685\\
16	19	0.0760672126603035\\
16	20	0.0743668137146308\\
16	21	0.0720784564563328\\
16	22	0.0691840641555546\\
16	23	0.0656611354196046\\
16	24	0.0614828387349484\\
16	25	0.0566181566864015\\
16	26	0.0510320950942582\\
16	27	0.0446859727558078\\
16	28	0.0375378062213163\\
16	29	0.0295428005554331\\
16	30	0.0206539510079564\\
16	31	0.0108227520433848\\
16	32	0\\
17	1	0\\
17	2	0.0108227520433848\\
17	3	0.0206539510079564\\
17	4	0.0295428005554331\\
17	5	0.0375378062213163\\
17	6	0.0446859727558078\\
17	7	0.0510320950942582\\
17	8	0.0566181566864015\\
17	9	0.0614828387349484\\
17	10	0.0656611354196046\\
17	11	0.0691840641555546\\
17	12	0.0720784564563328\\
17	13	0.0743668137146308\\
17	14	0.0760672126603035\\
17	15	0.077193246862685\\
17	16	0.0777539929568342\\
17	17	0.0777539929568346\\
17	18	0.0771932468626846\\
17	19	0.0760672126603039\\
17	20	0.0743668137146305\\
17	21	0.0720784564563332\\
17	22	0.0691840641555543\\
17	23	0.0656611354196049\\
17	24	0.0614828387349481\\
17	25	0.0566181566864018\\
17	26	0.051032095094258\\
17	27	0.044685972755808\\
17	28	0.0375378062213162\\
17	29	0.0295428005554332\\
17	30	0.0206539510079563\\
17	31	0.0108227520433848\\
17	32	0\\
18	1	0\\
18	2	0.0107624604270439\\
18	3	0.0205342255540753\\
18	4	0.0293653199827552\\
18	5	0.0373050014336433\\
18	6	0.0444009347741645\\
18	7	0.0506984699975954\\
18	8	0.0562400376278286\\
18	9	0.0610646633925592\\
18	10	0.0652075947986776\\
18	11	0.0687000261223024\\
18	12	0.0715689051757599\\
18	13	0.0738368044791663\\
18	14	0.0755218404497364\\
18	15	0.0766376262853164\\
18	16	0.077193246862685\\
18	17	0.0771932468626846\\
18	18	0.0766376262853168\\
18	19	0.075521840449736\\
18	20	0.0738368044791666\\
18	21	0.0715689051757595\\
18	22	0.0687000261223027\\
18	23	0.0652075947986773\\
18	24	0.0610646633925595\\
18	25	0.0562400376278284\\
18	26	0.0506984699975956\\
18	27	0.0444009347741643\\
18	28	0.0373050014336435\\
18	29	0.0293653199827551\\
18	30	0.0205342255540754\\
18	31	0.0107624604270439\\
18	32	0\\
19	1	0\\
19	2	0.0106410821539756\\
19	3	0.0202932205118094\\
19	4	0.0290081126168154\\
19	5	0.0368365430899143\\
19	6	0.0438275093375258\\
19	7	0.0500274738156746\\
19	8	0.055479755296748\\
19	9	0.0602240568485425\\
19	10	0.0642961176371444\\
19	11	0.0677274695724123\\
19	12	0.0705452775524432\\
19	13	0.0727722425469058\\
19	14	0.0744265489252\\
19	15	0.0755218404497364\\
19	16	0.0760672126603035\\
19	17	0.0760672126603039\\
19	18	0.075521840449736\\
19	19	0.0744265489252003\\
19	20	0.0727722425469054\\
19	21	0.0705452775524435\\
19	22	0.0677274695724119\\
19	23	0.0642961176371447\\
19	24	0.0602240568485422\\
19	25	0.0554797552967482\\
19	26	0.0500274738156744\\
19	27	0.043827509337526\\
19	28	0.0368365430899142\\
19	29	0.0290081126168155\\
19	30	0.0202932205118093\\
19	31	0.0106410821539757\\
19	32	0\\
20	1	0\\
20	2	0.0104569920244439\\
20	3	0.0199277622213183\\
20	4	0.0284665988155445\\
20	5	0.0361266347749089\\
20	6	0.0429588967948699\\
20	7	0.049011520179408\\
20	8	0.0543291388935987\\
20	9	0.0589524402281256\\
20	10	0.0629178611732377\\
20	11	0.0662573982164973\\
20	12	0.0689985019911256\\
20	13	0.0711640309659365\\
20	14	0.0727722425469058\\
20	15	0.0738368044791663\\
20	16	0.0743668137146308\\
20	17	0.0743668137146305\\
20	18	0.0738368044791666\\
20	19	0.0727722425469054\\
20	20	0.0711640309659368\\
20	21	0.0689985019911253\\
20	22	0.0662573982164976\\
20	23	0.0629178611732374\\
20	24	0.0589524402281259\\
20	25	0.0543291388935985\\
20	26	0.0490115201794082\\
20	27	0.0429588967948698\\
20	28	0.036126634774909\\
20	29	0.0284665988155444\\
20	30	0.0199277622213183\\
20	31	0.0104569920244439\\
20	32	0\\
21	1	0\\
21	2	0.010207659630885\\
21	3	0.0194329183220072\\
21	4	0.0277336810718041\\
21	5	0.035166324920874\\
21	6	0.0417846378753635\\
21	7	0.0476389879458738\\
21	8	0.0527757231803176\\
21	9	0.0572367763798226\\
21	10	0.0610594346453425\\
21	11	0.0642762310988139\\
21	12	0.0669149198539843\\
21	13	0.0689985019911256\\
21	14	0.0705452775524432\\
21	15	0.0715689051757599\\
21	16	0.0720784564563328\\
21	17	0.0720784564563332\\
21	18	0.0715689051757596\\
21	19	0.0705452775524435\\
21	20	0.0689985019911253\\
21	21	0.0669149198539846\\
21	22	0.0642762310988136\\
21	23	0.0610594346453427\\
21	24	0.0572367763798223\\
21	25	0.0527757231803178\\
21	26	0.0476389879458736\\
21	27	0.0417846378753636\\
21	28	0.0351663249208738\\
21	29	0.0277336810718042\\
21	30	0.0194329183220071\\
21	31	0.010207659630885\\
21	32	0\\
22	1	0\\
22	2	0.00988952353647436\\
22	3	0.0188017660785667\\
22	4	0.0267994403130039\\
22	5	0.0339431697648317\\
22	6	0.0402902787411117\\
22	7	0.0458939155141233\\
22	8	0.0508024892697394\\
22	9	0.0550593651383664\\
22	10	0.0587027498101997\\
22	11	0.06176570421731\\
22	12	0.0642762310988139\\
22	13	0.0662573982164974\\
22	14	0.0677274695724122\\
22	15	0.0687000261223024\\
22	16	0.0691840641555546\\
22	17	0.0691840641555543\\
22	18	0.0687000261223027\\
22	19	0.067727469572412\\
22	20	0.0662573982164976\\
22	21	0.0642762310988136\\
22	22	0.0617657042173102\\
22	23	0.0587027498101995\\
22	24	0.0550593651383666\\
22	25	0.0508024892697392\\
22	26	0.0458939155141235\\
22	27	0.0402902787411115\\
22	28	0.0339431697648318\\
22	29	0.0267994403130038\\
22	30	0.0188017660785667\\
22	31	0.00988952353647433\\
22	32	0\\
23	1	0\\
23	2	0.00949779484275537\\
23	3	0.0180250346234491\\
23	4	0.0256506745758214\\
23	5	0.0324407316818773\\
23	6	0.0384568837157046\\
23	7	0.0437555669577156\\
23	8	0.0483875063270351\\
23	9	0.0523975685430933\\
23	10	0.0558248274460129\\
23	11	0.0587027498101997\\
23	12	0.0610594346453425\\
23	13	0.0629178611732377\\
23	14	0.0642961176371444\\
23	15	0.0652075947986776\\
23	16	0.0656611354196046\\
23	17	0.0656611354196049\\
23	18	0.0652075947986773\\
23	19	0.0642961176371447\\
23	20	0.0629178611732375\\
23	21	0.0610594346453427\\
23	22	0.0587027498101995\\
23	23	0.0558248274460131\\
23	24	0.0523975685430931\\
23	25	0.0483875063270352\\
23	26	0.0437555669577155\\
23	27	0.0384568837157047\\
23	28	0.0324407316818772\\
23	29	0.0256506745758215\\
23	30	0.0180250346234491\\
23	31	0.0094977948427554\\
23	32	0\\
24	1	0\\
24	2	0.00902615524351991\\
24	3	0.0170905637306558\\
24	4	0.0242702173097469\\
24	5	0.0306378586798074\\
24	6	0.0362603571868851\\
24	7	0.0411978482605159\\
24	8	0.0455034666080127\\
24	9	0.0492234685299048\\
24	10	0.0523975685430933\\
24	11	0.0550593651383664\\
24	12	0.0572367763798226\\
24	13	0.0589524402281256\\
24	14	0.0602240568485425\\
24	15	0.0610646633925593\\
24	16	0.0614828387349484\\
24	17	0.0614828387349481\\
24	18	0.0610646633925595\\
24	19	0.0602240568485422\\
24	20	0.0589524402281259\\
24	21	0.0572367763798223\\
24	22	0.0550593651383666\\
24	23	0.0523975685430931\\
24	24	0.049223468529905\\
24	25	0.0455034666080125\\
24	26	0.041197848260516\\
24	27	0.036260357186885\\
24	28	0.0306378586798075\\
24	29	0.0242702173097468\\
24	30	0.0170905637306558\\
24	31	0.00902615524351988\\
24	32	0\\
25	1	0\\
25	2	0.00846628721311017\\
25	3	0.0159824808741796\\
25	4	0.0226359343574796\\
25	5	0.0285076645878805\\
25	6	0.0336705234638467\\
25	7	0.0381885497938629\\
25	8	0.0421171104669278\\
25	9	0.0455034666080127\\
25	10	0.0483875063270351\\
25	11	0.0508024892697394\\
25	12	0.0527757231803176\\
25	13	0.0543291388935987\\
25	14	0.055479755296748\\
25	15	0.0562400376278286\\
25	16	0.0566181566864016\\
25	17	0.0566181566864018\\
25	18	0.0562400376278284\\
25	19	0.0554797552967482\\
25	20	0.0543291388935985\\
25	21	0.0527757231803178\\
25	22	0.0508024892697392\\
25	23	0.0483875063270352\\
25	24	0.0455034666080125\\
25	25	0.042117110466928\\
25	26	0.0381885497938627\\
25	27	0.0336705234638468\\
25	28	0.0285076645878805\\
25	29	0.0226359343574797\\
25	30	0.0159824808741795\\
25	31	0.00846628721311019\\
25	32	0\\
26	1	0\\
26	2	0.00780712013618457\\
26	3	0.0146799243756245\\
26	4	0.0207192373694985\\
26	5	0.0260160945407236\\
26	6	0.0306499025953296\\
26	7	0.0346883959125753\\
26	8	0.0381885497938629\\
26	9	0.0411978482605159\\
26	10	0.0437555669577156\\
26	11	0.0458939155141233\\
26	12	0.0476389879458738\\
26	13	0.049011520179408\\
26	14	0.0500274738156746\\
26	15	0.0506984699975954\\
26	16	0.0510320950942582\\
26	17	0.051032095094258\\
26	18	0.0506984699975956\\
26	19	0.0500274738156744\\
26	20	0.0490115201794082\\
26	21	0.0476389879458737\\
26	22	0.0458939155141235\\
26	23	0.0437555669577155\\
26	24	0.041197848260516\\
26	25	0.0381885497938627\\
26	26	0.0346883959125755\\
26	27	0.0306499025953295\\
26	28	0.0260160945407237\\
26	29	0.0207192373694984\\
26	30	0.0146799243756245\\
26	31	0.00780712013618455\\
26	32	0\\
27	1	0\\
27	2	0.00703356227532085\\
27	3	0.0131550007205797\\
27	4	0.0184828533973301\\
27	5	0.0231199189852743\\
27	6	0.0271521199786417\\
27	7	0.0306499025953296\\
27	8	0.0336705234638467\\
27	9	0.0362603571868851\\
27	10	0.0384568837157046\\
27	11	0.0402902787411117\\
27	12	0.0417846378753635\\
27	13	0.0429588967948699\\
27	14	0.0438275093375258\\
27	15	0.0444009347741645\\
27	16	0.0446859727558078\\
27	17	0.0446859727558079\\
27	18	0.0444009347741643\\
27	19	0.043827509337526\\
27	20	0.0429588967948698\\
27	21	0.0417846378753636\\
27	22	0.0402902787411115\\
27	23	0.0384568837157047\\
27	24	0.036260357186885\\
27	25	0.0336705234638468\\
27	26	0.0306499025953295\\
27	27	0.0271521199786418\\
27	28	0.0231199189852742\\
27	29	0.0184828533973301\\
27	30	0.0131550007205797\\
27	31	0.00703356227532087\\
27	32	0\\
28	1	0\\
28	2	0.00612422651478424\\
28	3	0.0113693912412022\\
28	4	0.0158774408496631\\
28	5	0.0197639671097448\\
28	6	0.0231199189852743\\
28	7	0.0260160945407236\\
28	8	0.0285076645878805\\
28	9	0.0306378586798074\\
28	10	0.0324407316818773\\
28	11	0.0339431697648317\\
28	12	0.035166324920874\\
28	13	0.0361266347749089\\
28	14	0.0368365430899143\\
28	15	0.0373050014336434\\
28	16	0.0375378062213163\\
28	17	0.0375378062213162\\
28	18	0.0373050014336435\\
28	19	0.0368365430899142\\
28	20	0.036126634774909\\
28	21	0.0351663249208739\\
28	22	0.0339431697648318\\
28	23	0.0324407316818772\\
28	24	0.0306378586798075\\
28	25	0.0285076645878805\\
28	26	0.0260160945407237\\
28	27	0.0231199189852742\\
28	28	0.0197639671097448\\
28	29	0.015877440849663\\
28	30	0.0113693912412022\\
28	31	0.00612422651478423\\
28	32	0\\
29	1	0\\
29	2	0.0050469970519638\\
29	3	0.00926848336132065\\
29	4	0.0128364471333621\\
29	5	0.0158774408496631\\
29	6	0.0184828533973301\\
29	7	0.0207192373694985\\
29	8	0.0226359343574796\\
29	9	0.0242702173097469\\
29	10	0.0256506745758214\\
29	11	0.0267994403130039\\
29	12	0.0277336810718041\\
29	13	0.0284665988155445\\
29	14	0.0290081126168154\\
29	15	0.0293653199827552\\
29	16	0.0295428005554331\\
29	17	0.0295428005554332\\
29	18	0.0293653199827552\\
29	19	0.0290081126168155\\
29	20	0.0284665988155444\\
29	21	0.0277336810718042\\
29	22	0.0267994403130038\\
29	23	0.0256506745758215\\
29	24	0.0242702173097468\\
29	25	0.0226359343574797\\
29	26	0.0207192373694984\\
29	27	0.0184828533973301\\
29	28	0.015877440849663\\
29	29	0.0128364471333621\\
29	30	0.00926848336132063\\
29	31	0.00504699705196381\\
29	32	0\\
30	1	0\\
30	2	0.00374944378747156\\
30	3	0.00677087066874279\\
30	4	0.00926848336132065\\
30	5	0.0113693912412022\\
30	6	0.0131550007205797\\
30	7	0.0146799243756245\\
30	8	0.0159824808741796\\
30	9	0.0170905637306558\\
30	10	0.0180250346234491\\
30	11	0.0188017660785667\\
30	12	0.0194329183220072\\
30	13	0.0199277622213183\\
30	14	0.0202932205118094\\
30	15	0.0205342255540753\\
30	16	0.0206539510079564\\
30	17	0.0206539510079563\\
30	18	0.0205342255540754\\
30	19	0.0202932205118093\\
30	20	0.0199277622213183\\
30	21	0.0194329183220071\\
30	22	0.0188017660785667\\
30	23	0.0180250346234491\\
30	24	0.0170905637306558\\
30	25	0.0159824808741795\\
30	26	0.0146799243756245\\
30	27	0.0131550007205797\\
30	28	0.0113693912412022\\
30	29	0.00926848336132063\\
30	30	0.0067708706687428\\
30	31	0.00374944378747156\\
30	32	0\\
31	1	0\\
31	2	0.00213542309641434\\
31	3	0.00374944378747156\\
31	4	0.0050469970519638\\
31	5	0.00612422651478424\\
31	6	0.00703356227532085\\
31	7	0.00780712013618457\\
31	8	0.00846628721311017\\
31	9	0.0090261552435199\\
31	10	0.00949779484275537\\
31	11	0.00988952353647436\\
31	12	0.010207659630885\\
31	13	0.0104569920244439\\
31	14	0.0106410821539756\\
31	15	0.0107624604270439\\
31	16	0.0108227520433848\\
31	17	0.0108227520433848\\
31	18	0.0107624604270439\\
31	19	0.0106410821539757\\
31	20	0.0104569920244439\\
31	21	0.010207659630885\\
31	22	0.00988952353647433\\
31	23	0.0094977948427554\\
31	24	0.00902615524351988\\
31	25	0.00846628721311019\\
31	26	0.00780712013618455\\
31	27	0.00703356227532087\\
31	28	0.00612422651478423\\
31	29	0.00504699705196381\\
31	30	0.00374944378747156\\
31	31	0.00213542309641435\\
31	32	0\\
32	1	0\\
32	2	0\\
32	3	0\\
32	4	0\\
32	5	0\\
32	6	0\\
32	7	0\\
32	8	0\\
32	9	0\\
32	10	0\\
32	11	0\\
32	12	0\\
32	13	0\\
32	14	0\\
32	15	0\\
32	16	0\\
32	17	0\\
32	18	0\\
32	19	0\\
32	20	0\\
32	21	0\\
32	22	0\\
32	23	0\\
32	24	0\\
32	25	0\\
32	26	0\\
32	27	0\\
32	28	0\\
32	29	0\\
32	30	0\\
32	31	0\\
32	32	0\\
};
\end{axis}
\end{tikzpicture}%