% This file was created by matlab2tikz.
%
%The latest updates can be retrieved from
%  http://www.mathworks.com/matlabcentral/fileexchange/22022-matlab2tikz-matlab2tikz
%where you can also make suggestions and rate matlab2tikz.
%
\begin{tikzpicture}

\begin{axis}[%
width=4.521in,
height=3.566in,
at={(0.758in,0.481in)},
scale only axis,
xmin=1,
xmax=32,
xlabel style={font=\bfseries},
xlabel={nx},
ymin=1,
ymax=32,
ylabel style={font=\bfseries},
ylabel={ny},
axis background/.style={fill=white},
title style={font=\bfseries},
title={Convergence in 67 iterations for CG method},
axis x line*=bottom,
axis y line*=left
]

\addplot[%
surf,
shader=interp,colormap/jet,mesh/rows=32]
table[row sep=crcr, point meta=\thisrow{c}] {%
%
x	y	c\\
1	1	0\\
1	2	0\\
1	3	0\\
1	4	0\\
1	5	0\\
1	6	0\\
1	7	0\\
1	8	0\\
1	9	0\\
1	10	0\\
1	11	0\\
1	12	0\\
1	13	0\\
1	14	0\\
1	15	0\\
1	16	0\\
1	17	0\\
1	18	0\\
1	19	0\\
1	20	0\\
1	21	0\\
1	22	0\\
1	23	0\\
1	24	0\\
1	25	0\\
1	26	0\\
1	27	0\\
1	28	0\\
1	29	0\\
1	30	0\\
1	31	0\\
1	32	0\\
2	1	0\\
2	2	0.00213542309641498\\
2	3	0.00374944378747303\\
2	4	0.00504699705196596\\
2	5	0.00612422651478711\\
2	6	0.00703356227532458\\
2	7	0.00780712013618873\\
2	8	0.00846628721311494\\
2	9	0.00902615524352544\\
2	10	0.00949779484276129\\
2	11	0.0098895235364808\\
2	12	0.0102076596308918\\
2	13	0.0104569920244511\\
2	14	0.0106410821539829\\
2	15	0.0107624604270511\\
2	16	0.0108227520433921\\
2	17	0.0108227520433921\\
2	18	0.0107624604270511\\
2	19	0.0106410821539829\\
2	20	0.0104569920244511\\
2	21	0.0102076596308918\\
2	22	0.0098895235364808\\
2	23	0.00949779484276129\\
2	24	0.00902615524352544\\
2	25	0.00846628721311494\\
2	26	0.00780712013618873\\
2	27	0.00703356227532459\\
2	28	0.00612422651478711\\
2	29	0.00504699705196596\\
2	30	0.00374944378747303\\
2	31	0.00213542309641498\\
2	32	0\\
3	1	0\\
3	2	0.00374944378747303\\
3	3	0.00677087066874597\\
3	4	0.00926848336132515\\
3	5	0.0113693912412079\\
3	6	0.013155000720587\\
3	7	0.0146799243756328\\
3	8	0.0159824808741891\\
3	9	0.0170905637306665\\
3	10	0.0180250346234606\\
3	11	0.0188017660785791\\
3	12	0.0194329183220208\\
3	13	0.0199277622213326\\
3	14	0.0202932205118236\\
3	15	0.0205342255540899\\
3	16	0.0206539510079713\\
3	17	0.0206539510079713\\
3	18	0.0205342255540899\\
3	19	0.0202932205118236\\
3	20	0.0199277622213326\\
3	21	0.0194329183220208\\
3	22	0.0188017660785791\\
3	23	0.0180250346234606\\
3	24	0.0170905637306665\\
3	25	0.0159824808741891\\
3	26	0.0146799243756328\\
3	27	0.013155000720587\\
3	28	0.0113693912412079\\
3	29	0.00926848336132515\\
3	30	0.00677087066874597\\
3	31	0.00374944378747304\\
3	32	0\\
4	1	0\\
4	2	0.00504699705196596\\
4	3	0.00926848336132515\\
4	4	0.0128364471333688\\
4	5	0.0158774408496717\\
4	6	0.018482853397341\\
4	7	0.020719237369511\\
4	8	0.022635934357494\\
4	9	0.0242702173097629\\
4	10	0.0256506745758389\\
4	11	0.0267994403130226\\
4	12	0.027733681071824\\
4	13	0.0284665988155652\\
4	14	0.0290081126168369\\
4	15	0.029365319982777\\
4	16	0.0295428005554552\\
4	17	0.0295428005554552\\
4	18	0.029365319982777\\
4	19	0.0290081126168369\\
4	20	0.0284665988155652\\
4	21	0.027733681071824\\
4	22	0.0267994403130226\\
4	23	0.025650674575839\\
4	24	0.0242702173097629\\
4	25	0.022635934357494\\
4	26	0.020719237369511\\
4	27	0.018482853397341\\
4	28	0.0158774408496717\\
4	29	0.0128364471333688\\
4	30	0.00926848336132515\\
4	31	0.00504699705196596\\
4	32	0\\
5	1	0\\
5	2	0.00612422651478711\\
5	3	0.0113693912412079\\
5	4	0.0158774408496717\\
5	5	0.0197639671097562\\
5	6	0.0231199189852885\\
5	7	0.0260160945407404\\
5	8	0.0285076645878994\\
5	9	0.0306378586798288\\
5	10	0.0324407316819004\\
5	11	0.0339431697648564\\
5	12	0.0351663249209\\
5	13	0.0361266347749361\\
5	14	0.0368365430899422\\
5	15	0.0373050014336721\\
5	16	0.0375378062213455\\
5	17	0.0375378062213455\\
5	18	0.0373050014336721\\
5	19	0.0368365430899422\\
5	20	0.0361266347749361\\
5	21	0.0351663249209\\
5	22	0.0339431697648564\\
5	23	0.0324407316819004\\
5	24	0.0306378586798288\\
5	25	0.0285076645878995\\
5	26	0.0260160945407404\\
5	27	0.0231199189852885\\
5	28	0.0197639671097562\\
5	29	0.0158774408496717\\
5	30	0.0113693912412079\\
5	31	0.00612422651478711\\
5	32	0\\
6	1	0\\
6	2	0.00703356227532458\\
6	3	0.013155000720587\\
6	4	0.018482853397341\\
6	5	0.0231199189852885\\
6	6	0.027152119978659\\
6	7	0.0306499025953499\\
6	8	0.03367052346387\\
6	9	0.0362603571869111\\
6	10	0.0384568837157331\\
6	11	0.0402902787411419\\
6	12	0.0417846378753956\\
6	13	0.0429588967949032\\
6	14	0.0438275093375605\\
6	15	0.0444009347741999\\
6	16	0.0446859727558438\\
6	17	0.0446859727558438\\
6	18	0.0444009347741999\\
6	19	0.0438275093375605\\
6	20	0.0429588967949032\\
6	21	0.0417846378753956\\
6	22	0.0402902787411419\\
6	23	0.0384568837157331\\
6	24	0.0362603571869111\\
6	25	0.03367052346387\\
6	26	0.0306499025953499\\
6	27	0.027152119978659\\
6	28	0.0231199189852885\\
6	29	0.018482853397341\\
6	30	0.013155000720587\\
6	31	0.00703356227532458\\
6	32	0\\
7	1	0\\
7	2	0.00780712013618873\\
7	3	0.0146799243756328\\
7	4	0.020719237369511\\
7	5	0.0260160945407404\\
7	6	0.0306499025953499\\
7	7	0.0346883959125993\\
7	8	0.0381885497938903\\
7	9	0.0411978482605466\\
7	10	0.043755566957749\\
7	11	0.0458939155141593\\
7	12	0.0476389879459116\\
7	13	0.0490115201794474\\
7	14	0.0500274738157155\\
7	15	0.0506984699976374\\
7	16	0.0510320950943003\\
7	17	0.0510320950943003\\
7	18	0.0506984699976374\\
7	19	0.0500274738157155\\
7	20	0.0490115201794474\\
7	21	0.0476389879459116\\
7	22	0.0458939155141593\\
7	23	0.043755566957749\\
7	24	0.0411978482605466\\
7	25	0.0381885497938903\\
7	26	0.0346883959125993\\
7	27	0.03064990259535\\
7	28	0.0260160945407404\\
7	29	0.020719237369511\\
7	30	0.0146799243756328\\
7	31	0.00780712013618873\\
7	32	0\\
8	1	0\\
8	2	0.00846628721311494\\
8	3	0.0159824808741891\\
8	4	0.022635934357494\\
8	5	0.0285076645878994\\
8	6	0.03367052346387\\
8	7	0.0381885497938903\\
8	8	0.0421171104669593\\
8	9	0.0455034666080474\\
8	10	0.0483875063270732\\
8	11	0.0508024892697803\\
8	12	0.052775723180361\\
8	13	0.0543291388936437\\
8	14	0.0554797552967949\\
8	15	0.056240037627876\\
8	16	0.0566181566864495\\
8	17	0.0566181566864495\\
8	18	0.056240037627876\\
8	19	0.0554797552967949\\
8	20	0.0543291388936437\\
8	21	0.052775723180361\\
8	22	0.0508024892697803\\
8	23	0.0483875063270732\\
8	24	0.0455034666080474\\
8	25	0.0421171104669593\\
8	26	0.0381885497938903\\
8	27	0.03367052346387\\
8	28	0.0285076645878995\\
8	29	0.022635934357494\\
8	30	0.0159824808741891\\
8	31	0.00846628721311495\\
8	32	0\\
9	1	0\\
9	2	0.00902615524352544\\
9	3	0.0170905637306665\\
9	4	0.0242702173097629\\
9	5	0.0306378586798288\\
9	6	0.0362603571869111\\
9	7	0.0411978482605466\\
9	8	0.0455034666080474\\
9	9	0.0492234685299435\\
9	10	0.0523975685431353\\
9	11	0.055059365138412\\
9	12	0.0572367763798707\\
9	13	0.058952440228176\\
9	14	0.0602240568485943\\
9	15	0.0610646633926122\\
9	16	0.0614828387350014\\
9	17	0.0614828387350014\\
9	18	0.0610646633926122\\
9	19	0.0602240568485943\\
9	20	0.058952440228176\\
9	21	0.0572367763798707\\
9	22	0.055059365138412\\
9	23	0.0523975685431353\\
9	24	0.0492234685299435\\
9	25	0.0455034666080474\\
9	26	0.0411978482605466\\
9	27	0.0362603571869111\\
9	28	0.0306378586798288\\
9	29	0.0242702173097629\\
9	30	0.0170905637306665\\
9	31	0.00902615524352544\\
9	32	0\\
10	1	0\\
10	2	0.00949779484276129\\
10	3	0.0180250346234606\\
10	4	0.025650674575839\\
10	5	0.0324407316819004\\
10	6	0.0384568837157331\\
10	7	0.043755566957749\\
10	8	0.0483875063270732\\
10	9	0.0523975685431353\\
10	10	0.0558248274460592\\
10	11	0.0587027498102493\\
10	12	0.0610594346453952\\
10	13	0.0629178611732923\\
10	14	0.0642961176372012\\
10	15	0.0652075947987353\\
10	16	0.0656611354196632\\
10	17	0.0656611354196632\\
10	18	0.0652075947987353\\
10	19	0.0642961176372012\\
10	20	0.0629178611732923\\
10	21	0.0610594346453952\\
10	22	0.0587027498102493\\
10	23	0.0558248274460592\\
10	24	0.0523975685431353\\
10	25	0.0483875063270732\\
10	26	0.043755566957749\\
10	27	0.0384568837157331\\
10	28	0.0324407316819004\\
10	29	0.025650674575839\\
10	30	0.0180250346234606\\
10	31	0.00949779484276129\\
10	32	0\\
11	1	0\\
11	2	0.0098895235364808\\
11	3	0.0188017660785791\\
11	4	0.0267994403130226\\
11	5	0.0339431697648564\\
11	6	0.0402902787411419\\
11	7	0.0458939155141593\\
11	8	0.0508024892697803\\
11	9	0.0550593651384119\\
11	10	0.0587027498102493\\
11	11	0.0617657042173633\\
11	12	0.06427623109887\\
11	13	0.0662573982165561\\
11	14	0.0677274695724727\\
11	15	0.0687000261223645\\
11	16	0.069184064155617\\
11	17	0.069184064155617\\
11	18	0.0687000261223645\\
11	19	0.0677274695724727\\
11	20	0.0662573982165561\\
11	21	0.06427623109887\\
11	22	0.0617657042173633\\
11	23	0.0587027498102493\\
11	24	0.055059365138412\\
11	25	0.0508024892697803\\
11	26	0.0458939155141593\\
11	27	0.0402902787411419\\
11	28	0.0339431697648564\\
11	29	0.0267994403130226\\
11	30	0.0188017660785791\\
11	31	0.0098895235364808\\
11	32	0\\
12	1	0\\
12	2	0.0102076596308918\\
12	3	0.0194329183220208\\
12	4	0.027733681071824\\
12	5	0.0351663249209\\
12	6	0.0417846378753956\\
12	7	0.0476389879459116\\
12	8	0.0527757231803609\\
12	9	0.0572367763798707\\
12	10	0.0610594346453952\\
12	11	0.06427623109887\\
12	12	0.0669149198540437\\
12	13	0.0689985019911876\\
12	14	0.0705452775525076\\
12	15	0.0715689051758254\\
12	16	0.0720784564563993\\
12	17	0.0720784564563993\\
12	18	0.0715689051758254\\
12	19	0.0705452775525076\\
12	20	0.0689985019911876\\
12	21	0.0669149198540437\\
12	22	0.0642762310988701\\
12	23	0.0610594346453952\\
12	24	0.0572367763798707\\
12	25	0.052775723180361\\
12	26	0.0476389879459116\\
12	27	0.0417846378753956\\
12	28	0.0351663249209\\
12	29	0.027733681071824\\
12	30	0.0194329183220208\\
12	31	0.0102076596308918\\
12	32	0\\
13	1	0\\
13	2	0.0104569920244511\\
13	3	0.0199277622213326\\
13	4	0.0284665988155652\\
13	5	0.0361266347749361\\
13	6	0.0429588967949031\\
13	7	0.0490115201794474\\
13	8	0.0543291388936437\\
13	9	0.058952440228176\\
13	10	0.0629178611732923\\
13	11	0.0662573982165561\\
13	12	0.0689985019911876\\
13	13	0.0711640309660018\\
13	14	0.0727722425469727\\
13	15	0.073836804479235\\
13	16	0.0743668137147001\\
13	17	0.0743668137147001\\
13	18	0.073836804479235\\
13	19	0.0727722425469727\\
13	20	0.0711640309660018\\
13	21	0.0689985019911876\\
13	22	0.0662573982165561\\
13	23	0.0629178611732923\\
13	24	0.058952440228176\\
13	25	0.0543291388936437\\
13	26	0.0490115201794474\\
13	27	0.0429588967949031\\
13	28	0.0361266347749361\\
13	29	0.0284665988155652\\
13	30	0.0199277622213326\\
13	31	0.0104569920244511\\
13	32	0\\
14	1	0\\
14	2	0.0106410821539829\\
14	3	0.0202932205118236\\
14	4	0.0290081126168369\\
14	5	0.0368365430899422\\
14	6	0.0438275093375605\\
14	7	0.0500274738157155\\
14	8	0.0554797552967949\\
14	9	0.0602240568485943\\
14	10	0.0642961176372012\\
14	11	0.0677274695724727\\
14	12	0.0705452775525076\\
14	13	0.0727722425469727\\
14	14	0.0744265489252695\\
14	15	0.0755218404498068\\
14	16	0.0760672126603751\\
14	17	0.0760672126603751\\
14	18	0.0755218404498068\\
14	19	0.0744265489252695\\
14	20	0.0727722425469727\\
14	21	0.0705452775525076\\
14	22	0.0677274695724727\\
14	23	0.0642961176372012\\
14	24	0.0602240568485943\\
14	25	0.0554797552967949\\
14	26	0.0500274738157155\\
14	27	0.0438275093375605\\
14	28	0.0368365430899422\\
14	29	0.0290081126168369\\
14	30	0.0202932205118236\\
14	31	0.0106410821539829\\
14	32	0\\
15	1	0\\
15	2	0.0107624604270511\\
15	3	0.0205342255540899\\
15	4	0.029365319982777\\
15	5	0.0373050014336721\\
15	6	0.0444009347741999\\
15	7	0.0506984699976374\\
15	8	0.056240037627876\\
15	9	0.0610646633926122\\
15	10	0.0652075947987353\\
15	11	0.0687000261223645\\
15	12	0.0715689051758254\\
15	13	0.073836804479235\\
15	14	0.0755218404498068\\
15	15	0.0766376262853885\\
15	16	0.0771932468627577\\
15	17	0.0771932468627577\\
15	18	0.0766376262853885\\
15	19	0.0755218404498068\\
15	20	0.073836804479235\\
15	21	0.0715689051758254\\
15	22	0.0687000261223645\\
15	23	0.0652075947987353\\
15	24	0.0610646633926122\\
15	25	0.056240037627876\\
15	26	0.0506984699976374\\
15	27	0.0444009347741999\\
15	28	0.0373050014336721\\
15	29	0.029365319982777\\
15	30	0.0205342255540899\\
15	31	0.0107624604270511\\
15	32	0\\
16	1	0\\
16	2	0.0108227520433921\\
16	3	0.0206539510079713\\
16	4	0.0295428005554552\\
16	5	0.0375378062213455\\
16	6	0.0446859727558438\\
16	7	0.0510320950943003\\
16	8	0.0566181566864495\\
16	9	0.0614828387350014\\
16	10	0.0656611354196632\\
16	11	0.069184064155617\\
16	12	0.0720784564563993\\
16	13	0.0743668137147001\\
16	14	0.0760672126603751\\
16	15	0.0771932468627577\\
16	16	0.0777539929569084\\
16	17	0.0777539929569084\\
16	18	0.0771932468627577\\
16	19	0.0760672126603751\\
16	20	0.0743668137147001\\
16	21	0.0720784564563993\\
16	22	0.069184064155617\\
16	23	0.0656611354196632\\
16	24	0.0614828387350014\\
16	25	0.0566181566864495\\
16	26	0.0510320950943003\\
16	27	0.0446859727558438\\
16	28	0.0375378062213455\\
16	29	0.0295428005554552\\
16	30	0.0206539510079713\\
16	31	0.0108227520433922\\
16	32	0\\
17	1	0\\
17	2	0.0108227520433921\\
17	3	0.0206539510079713\\
17	4	0.0295428005554552\\
17	5	0.0375378062213455\\
17	6	0.0446859727558437\\
17	7	0.0510320950943003\\
17	8	0.0566181566864495\\
17	9	0.0614828387350014\\
17	10	0.0656611354196632\\
17	11	0.069184064155617\\
17	12	0.0720784564563993\\
17	13	0.0743668137147001\\
17	14	0.0760672126603751\\
17	15	0.0771932468627577\\
17	16	0.0777539929569084\\
17	17	0.0777539929569084\\
17	18	0.0771932468627577\\
17	19	0.0760672126603751\\
17	20	0.0743668137147001\\
17	21	0.0720784564563993\\
17	22	0.069184064155617\\
17	23	0.0656611354196632\\
17	24	0.0614828387350014\\
17	25	0.0566181566864495\\
17	26	0.0510320950943003\\
17	27	0.0446859727558438\\
17	28	0.0375378062213455\\
17	29	0.0295428005554552\\
17	30	0.0206539510079713\\
17	31	0.0108227520433922\\
17	32	0\\
18	1	0\\
18	2	0.0107624604270511\\
18	3	0.0205342255540899\\
18	4	0.029365319982777\\
18	5	0.0373050014336721\\
18	6	0.0444009347741999\\
18	7	0.0506984699976374\\
18	8	0.056240037627876\\
18	9	0.0610646633926122\\
18	10	0.0652075947987353\\
18	11	0.0687000261223645\\
18	12	0.0715689051758254\\
18	13	0.073836804479235\\
18	14	0.0755218404498068\\
18	15	0.0766376262853885\\
18	16	0.0771932468627577\\
18	17	0.0771932468627577\\
18	18	0.0766376262853885\\
18	19	0.0755218404498068\\
18	20	0.073836804479235\\
18	21	0.0715689051758254\\
18	22	0.0687000261223645\\
18	23	0.0652075947987353\\
18	24	0.0610646633926122\\
18	25	0.056240037627876\\
18	26	0.0506984699976374\\
18	27	0.0444009347741999\\
18	28	0.0373050014336721\\
18	29	0.029365319982777\\
18	30	0.0205342255540899\\
18	31	0.0107624604270511\\
18	32	0\\
19	1	0\\
19	2	0.0106410821539829\\
19	3	0.0202932205118236\\
19	4	0.0290081126168369\\
19	5	0.0368365430899422\\
19	6	0.0438275093375605\\
19	7	0.0500274738157155\\
19	8	0.0554797552967949\\
19	9	0.0602240568485943\\
19	10	0.0642961176372012\\
19	11	0.0677274695724727\\
19	12	0.0705452775525076\\
19	13	0.0727722425469727\\
19	14	0.0744265489252695\\
19	15	0.0755218404498068\\
19	16	0.0760672126603751\\
19	17	0.0760672126603751\\
19	18	0.0755218404498068\\
19	19	0.0744265489252695\\
19	20	0.0727722425469727\\
19	21	0.0705452775525076\\
19	22	0.0677274695724727\\
19	23	0.0642961176372012\\
19	24	0.0602240568485943\\
19	25	0.0554797552967949\\
19	26	0.0500274738157155\\
19	27	0.0438275093375605\\
19	28	0.0368365430899422\\
19	29	0.0290081126168369\\
19	30	0.0202932205118236\\
19	31	0.0106410821539829\\
19	32	0\\
20	1	0\\
20	2	0.0104569920244511\\
20	3	0.0199277622213326\\
20	4	0.0284665988155652\\
20	5	0.0361266347749361\\
20	6	0.0429588967949031\\
20	7	0.0490115201794474\\
20	8	0.0543291388936437\\
20	9	0.058952440228176\\
20	10	0.0629178611732923\\
20	11	0.0662573982165561\\
20	12	0.0689985019911876\\
20	13	0.0711640309660018\\
20	14	0.0727722425469727\\
20	15	0.073836804479235\\
20	16	0.0743668137147001\\
20	17	0.0743668137147001\\
20	18	0.073836804479235\\
20	19	0.0727722425469727\\
20	20	0.0711640309660018\\
20	21	0.0689985019911876\\
20	22	0.0662573982165561\\
20	23	0.0629178611732923\\
20	24	0.058952440228176\\
20	25	0.0543291388936437\\
20	26	0.0490115201794474\\
20	27	0.0429588967949031\\
20	28	0.0361266347749361\\
20	29	0.0284665988155652\\
20	30	0.0199277622213326\\
20	31	0.0104569920244511\\
20	32	0\\
21	1	0\\
21	2	0.0102076596308918\\
21	3	0.0194329183220208\\
21	4	0.027733681071824\\
21	5	0.0351663249209\\
21	6	0.0417846378753956\\
21	7	0.0476389879459116\\
21	8	0.0527757231803609\\
21	9	0.0572367763798707\\
21	10	0.0610594346453952\\
21	11	0.0642762310988701\\
21	12	0.0669149198540437\\
21	13	0.0689985019911876\\
21	14	0.0705452775525076\\
21	15	0.0715689051758254\\
21	16	0.0720784564563993\\
21	17	0.0720784564563993\\
21	18	0.0715689051758254\\
21	19	0.0705452775525076\\
21	20	0.0689985019911876\\
21	21	0.0669149198540437\\
21	22	0.0642762310988701\\
21	23	0.0610594346453952\\
21	24	0.0572367763798707\\
21	25	0.0527757231803609\\
21	26	0.0476389879459116\\
21	27	0.0417846378753956\\
21	28	0.0351663249209\\
21	29	0.027733681071824\\
21	30	0.0194329183220208\\
21	31	0.0102076596308918\\
21	32	0\\
22	1	0\\
22	2	0.0098895235364808\\
22	3	0.0188017660785791\\
22	4	0.0267994403130226\\
22	5	0.0339431697648564\\
22	6	0.0402902787411419\\
22	7	0.0458939155141593\\
22	8	0.0508024892697803\\
22	9	0.055059365138412\\
22	10	0.0587027498102493\\
22	11	0.0617657042173633\\
22	12	0.06427623109887\\
22	13	0.0662573982165561\\
22	14	0.0677274695724727\\
22	15	0.0687000261223645\\
22	16	0.069184064155617\\
22	17	0.069184064155617\\
22	18	0.0687000261223645\\
22	19	0.0677274695724727\\
22	20	0.0662573982165561\\
22	21	0.0642762310988701\\
22	22	0.0617657042173633\\
22	23	0.0587027498102493\\
22	24	0.055059365138412\\
22	25	0.0508024892697803\\
22	26	0.0458939155141593\\
22	27	0.0402902787411419\\
22	28	0.0339431697648564\\
22	29	0.0267994403130226\\
22	30	0.0188017660785791\\
22	31	0.00988952353648081\\
22	32	0\\
23	1	0\\
23	2	0.00949779484276129\\
23	3	0.0180250346234606\\
23	4	0.0256506745758389\\
23	5	0.0324407316819004\\
23	6	0.0384568837157331\\
23	7	0.043755566957749\\
23	8	0.0483875063270732\\
23	9	0.0523975685431353\\
23	10	0.0558248274460592\\
23	11	0.0587027498102493\\
23	12	0.0610594346453952\\
23	13	0.0629178611732923\\
23	14	0.0642961176372012\\
23	15	0.0652075947987353\\
23	16	0.0656611354196632\\
23	17	0.0656611354196632\\
23	18	0.0652075947987353\\
23	19	0.0642961176372012\\
23	20	0.0629178611732923\\
23	21	0.0610594346453952\\
23	22	0.0587027498102493\\
23	23	0.0558248274460592\\
23	24	0.0523975685431353\\
23	25	0.0483875063270732\\
23	26	0.043755566957749\\
23	27	0.0384568837157331\\
23	28	0.0324407316819004\\
23	29	0.025650674575839\\
23	30	0.0180250346234606\\
23	31	0.00949779484276129\\
23	32	0\\
24	1	0\\
24	2	0.00902615524352544\\
24	3	0.0170905637306665\\
24	4	0.0242702173097629\\
24	5	0.0306378586798288\\
24	6	0.0362603571869111\\
24	7	0.0411978482605466\\
24	8	0.0455034666080474\\
24	9	0.0492234685299436\\
24	10	0.0523975685431353\\
24	11	0.055059365138412\\
24	12	0.0572367763798707\\
24	13	0.058952440228176\\
24	14	0.0602240568485943\\
24	15	0.0610646633926122\\
24	16	0.0614828387350014\\
24	17	0.0614828387350014\\
24	18	0.0610646633926122\\
24	19	0.0602240568485943\\
24	20	0.058952440228176\\
24	21	0.0572367763798707\\
24	22	0.055059365138412\\
24	23	0.0523975685431353\\
24	24	0.0492234685299435\\
24	25	0.0455034666080474\\
24	26	0.0411978482605466\\
24	27	0.0362603571869111\\
24	28	0.0306378586798288\\
24	29	0.024270217309763\\
24	30	0.0170905637306665\\
24	31	0.00902615524352544\\
24	32	0\\
25	1	0\\
25	2	0.00846628721311494\\
25	3	0.0159824808741891\\
25	4	0.022635934357494\\
25	5	0.0285076645878995\\
25	6	0.03367052346387\\
25	7	0.0381885497938903\\
25	8	0.0421171104669593\\
25	9	0.0455034666080474\\
25	10	0.0483875063270732\\
25	11	0.0508024892697803\\
25	12	0.052775723180361\\
25	13	0.0543291388936437\\
25	14	0.0554797552967949\\
25	15	0.056240037627876\\
25	16	0.0566181566864495\\
25	17	0.0566181566864495\\
25	18	0.056240037627876\\
25	19	0.0554797552967949\\
25	20	0.0543291388936437\\
25	21	0.052775723180361\\
25	22	0.0508024892697803\\
25	23	0.0483875063270732\\
25	24	0.0455034666080474\\
25	25	0.0421171104669593\\
25	26	0.0381885497938903\\
25	27	0.03367052346387\\
25	28	0.0285076645878995\\
25	29	0.022635934357494\\
25	30	0.0159824808741891\\
25	31	0.00846628721311495\\
25	32	0\\
26	1	0\\
26	2	0.00780712013618873\\
26	3	0.0146799243756328\\
26	4	0.020719237369511\\
26	5	0.0260160945407404\\
26	6	0.0306499025953499\\
26	7	0.0346883959125993\\
26	8	0.0381885497938903\\
26	9	0.0411978482605466\\
26	10	0.043755566957749\\
26	11	0.0458939155141593\\
26	12	0.0476389879459116\\
26	13	0.0490115201794474\\
26	14	0.0500274738157155\\
26	15	0.0506984699976374\\
26	16	0.0510320950943003\\
26	17	0.0510320950943003\\
26	18	0.0506984699976374\\
26	19	0.0500274738157155\\
26	20	0.0490115201794474\\
26	21	0.0476389879459116\\
26	22	0.0458939155141593\\
26	23	0.043755566957749\\
26	24	0.0411978482605466\\
26	25	0.0381885497938903\\
26	26	0.0346883959125993\\
26	27	0.03064990259535\\
26	28	0.0260160945407404\\
26	29	0.020719237369511\\
26	30	0.0146799243756328\\
26	31	0.00780712013618873\\
26	32	0\\
27	1	0\\
27	2	0.00703356227532458\\
27	3	0.013155000720587\\
27	4	0.018482853397341\\
27	5	0.0231199189852885\\
27	6	0.027152119978659\\
27	7	0.03064990259535\\
27	8	0.03367052346387\\
27	9	0.0362603571869111\\
27	10	0.0384568837157331\\
27	11	0.0402902787411419\\
27	12	0.0417846378753956\\
27	13	0.0429588967949031\\
27	14	0.0438275093375605\\
27	15	0.0444009347741999\\
27	16	0.0446859727558438\\
27	17	0.0446859727558438\\
27	18	0.0444009347741999\\
27	19	0.0438275093375605\\
27	20	0.0429588967949031\\
27	21	0.0417846378753956\\
27	22	0.0402902787411419\\
27	23	0.0384568837157331\\
27	24	0.0362603571869111\\
27	25	0.03367052346387\\
27	26	0.03064990259535\\
27	27	0.027152119978659\\
27	28	0.0231199189852885\\
27	29	0.018482853397341\\
27	30	0.013155000720587\\
27	31	0.00703356227532459\\
27	32	0\\
28	1	0\\
28	2	0.00612422651478711\\
28	3	0.0113693912412079\\
28	4	0.0158774408496717\\
28	5	0.0197639671097562\\
28	6	0.0231199189852885\\
28	7	0.0260160945407404\\
28	8	0.0285076645878995\\
28	9	0.0306378586798288\\
28	10	0.0324407316819004\\
28	11	0.0339431697648564\\
28	12	0.0351663249209\\
28	13	0.0361266347749361\\
28	14	0.0368365430899422\\
28	15	0.0373050014336721\\
28	16	0.0375378062213455\\
28	17	0.0375378062213455\\
28	18	0.0373050014336721\\
28	19	0.0368365430899422\\
28	20	0.0361266347749361\\
28	21	0.0351663249209\\
28	22	0.0339431697648564\\
28	23	0.0324407316819004\\
28	24	0.0306378586798288\\
28	25	0.0285076645878995\\
28	26	0.0260160945407404\\
28	27	0.0231199189852885\\
28	28	0.0197639671097562\\
28	29	0.0158774408496717\\
28	30	0.0113693912412079\\
28	31	0.00612422651478711\\
28	32	0\\
29	1	0\\
29	2	0.00504699705196596\\
29	3	0.00926848336132516\\
29	4	0.0128364471333688\\
29	5	0.0158774408496717\\
29	6	0.018482853397341\\
29	7	0.020719237369511\\
29	8	0.022635934357494\\
29	9	0.024270217309763\\
29	10	0.025650674575839\\
29	11	0.0267994403130226\\
29	12	0.027733681071824\\
29	13	0.0284665988155652\\
29	14	0.0290081126168369\\
29	15	0.029365319982777\\
29	16	0.0295428005554552\\
29	17	0.0295428005554552\\
29	18	0.029365319982777\\
29	19	0.0290081126168369\\
29	20	0.0284665988155652\\
29	21	0.027733681071824\\
29	22	0.0267994403130226\\
29	23	0.025650674575839\\
29	24	0.024270217309763\\
29	25	0.022635934357494\\
29	26	0.020719237369511\\
29	27	0.018482853397341\\
29	28	0.0158774408496717\\
29	29	0.0128364471333688\\
29	30	0.00926848336132515\\
29	31	0.00504699705196596\\
29	32	0\\
30	1	0\\
30	2	0.00374944378747304\\
30	3	0.00677087066874598\\
30	4	0.00926848336132516\\
30	5	0.0113693912412079\\
30	6	0.013155000720587\\
30	7	0.0146799243756328\\
30	8	0.0159824808741891\\
30	9	0.0170905637306665\\
30	10	0.0180250346234606\\
30	11	0.0188017660785791\\
30	12	0.0194329183220208\\
30	13	0.0199277622213326\\
30	14	0.0202932205118236\\
30	15	0.0205342255540899\\
30	16	0.0206539510079713\\
30	17	0.0206539510079713\\
30	18	0.0205342255540899\\
30	19	0.0202932205118236\\
30	20	0.0199277622213326\\
30	21	0.0194329183220208\\
30	22	0.0188017660785791\\
30	23	0.0180250346234606\\
30	24	0.0170905637306665\\
30	25	0.0159824808741892\\
30	26	0.0146799243756328\\
30	27	0.013155000720587\\
30	28	0.0113693912412079\\
30	29	0.00926848336132515\\
30	30	0.00677087066874597\\
30	31	0.00374944378747304\\
30	32	0\\
31	1	0\\
31	2	0.00213542309641498\\
31	3	0.00374944378747304\\
31	4	0.00504699705196596\\
31	5	0.00612422651478711\\
31	6	0.00703356227532459\\
31	7	0.00780712013618873\\
31	8	0.00846628721311495\\
31	9	0.00902615524352544\\
31	10	0.00949779484276129\\
31	11	0.00988952353648081\\
31	12	0.0102076596308918\\
31	13	0.0104569920244511\\
31	14	0.0106410821539829\\
31	15	0.0107624604270511\\
31	16	0.0108227520433922\\
31	17	0.0108227520433922\\
31	18	0.0107624604270511\\
31	19	0.0106410821539829\\
31	20	0.0104569920244511\\
31	21	0.0102076596308918\\
31	22	0.00988952353648081\\
31	23	0.00949779484276129\\
31	24	0.00902615524352544\\
31	25	0.00846628721311495\\
31	26	0.00780712013618873\\
31	27	0.00703356227532459\\
31	28	0.00612422651478711\\
31	29	0.00504699705196596\\
31	30	0.00374944378747304\\
31	31	0.00213542309641498\\
31	32	0\\
32	1	0\\
32	2	0\\
32	3	0\\
32	4	0\\
32	5	0\\
32	6	0\\
32	7	0\\
32	8	0\\
32	9	0\\
32	10	0\\
32	11	0\\
32	12	0\\
32	13	0\\
32	14	0\\
32	15	0\\
32	16	0\\
32	17	0\\
32	18	0\\
32	19	0\\
32	20	0\\
32	21	0\\
32	22	0\\
32	23	0\\
32	24	0\\
32	25	0\\
32	26	0\\
32	27	0\\
32	28	0\\
32	29	0\\
32	30	0\\
32	31	0\\
32	32	0\\
};
\end{axis}
\end{tikzpicture}%